06800000126
06800000138
06800000145
11900030081
11900043521
11900043522
11900135809
11900168705
11900177153
11900177154
11900213377
11900275201
11900279553
11900282369
11900282497
11900284674
11900291073
11900291585
11900298369
11900308225
11900315777
11900319233
11900323585
11900334593
11900353665
11900353793
11900354049
11900354176
11900354433
11900354561
11900358401
11900358529
11900358785
11900358913
11900359169
11900359297
11900363264
11900366977
11900369025
11900371585
11900372353
11900375554
11900375681
11900375682
11900376961
11900376962
11900377089
11900378241
11900378369
11900384001
11900384129
11900386049
11900386817
11900393089
11900393217
11900393345
11900396417
11900396545
11900396801
11900434689
11900434817
11900439553
11900442497
11900533376
11900540160
11900569344
11900572544
11900574464
11900593408
11908406530
11908406531
11908406541
11908407041
11908407042
11908407043
11908407054
11908407078
11908410625
11908410626
11908411137
11908411138
11908423426
11908468480
11908470539
11908590343
11908605193
11908605705
11908621063
11908621574
11908658945
11908659457
11908659969
11908661505
11908662017
11908768003
11908768515
11908787466
11908788490
11908798212
11908832514
11908869383
11908887810
11908889346
11908889858
11908906244
